23383
95466
100320
71208
44436
102209
12174
69494
84584
78578
12682
74036
1655
9794
111951
82754
122354
71469
57025
106174
44654
90571
127938
14942
3722
101132
45965
98898
60240
77809
66292
38172
31700
22907
102586
33282
52139
77491
20262
96749
99693
50681
137632
123412
106498
31270
91492
78522
71314
6901
78703
91942
43450
136503
16679
112452
122506
115438
94756
4653
99340
84824
63856
126181
115198
61843
129726
29815
60330
95246
20822
14343
136477
99866
87535
49439
115594
92575
68934
127267
43816
125041
7653
46627
104588
93447
7374
60399
1380
91534
97985
102146
129639
91921
74101
56610
139053
132958
72492
73892
117059
15656
80711
60788
131307
29717
134880
98598
14173
93681
74989
98568
72400
24387
67054
36737
41400
47147
72312
96246
17634
47566
26676
78159
136001
29486
16460
2699
136757
136987
5699
83417
42407
11990
71143
28012
108232
110727
117180
124625
64709
20951
93016
95311
21430
47548
44584
134533
62025
101302
13814
106837
102421
21323
112340
36895
10528
31061
27787
59230
134778
73603
11616
54032
96286
132764
141510
27416
133397
122025
102215
18977
122314
49256
32883
7772
55019
113662
10803
24500
83352
97712
28901
100036
20577
66877
82615
121966
26314
131005
112238
62362
132966
29939
5499
112674
135482
33560
72616
40730
58146
59680
125868
27588
40568
42286
112137
113495
5051
74714
91168
15163
109786
33816
394
76772
26672
94649
101183
48233
114184
27477
32744
135565
85751
133119
62854
47845
62274
67410
15717
63241
123065
136601
119891
135689
55600
105498
1814
97583
68075
137421
40990
119143
43513
17325
89245
57642
18816
110610
81524
49155
137822
87705
129092
134876
50750
76925
33096
8187
80257
4738
16846
109604
75489
124018
107788
103450
125413
72086
54137
81224
84878
43367
88614
124389
100637
9671
38342
126803
47662
104663
29810
18102
71912
94095
13399
100312
36612
94390
11129
357
96106
17088
12313
54422
3295
108403
20745
88253
48996
66248
137988
117953
114406
7033
53834
21486
33091
113033
35513
137584
48911
128093
48020
54939
54101
77633
98592
40735
33942
119688
99107
137176
67572
40170
49848
3278
1682
112106
68333
135755
53152
44613
12933
65627
102383
94773
57934
138241
98409
90721
32018
48821
120614
4363
84342
51097
36409
25002
22912
95986
129630
54903
45905
37199
77578
59438
71949
118202
127891
18030
116631
43938
28167
105491
65891
72330
129829
140536
90941
3320
35525
108899
76111
60237
47916
71705
123454
102131
100937
116080
106348
118978
32908
82003
79174
43652
78605
133662
27082
50518
75988
64852
34058
32211
105349
34593
137977
44410
59898
85902
43459
47919
129276
43108
71567
128583
60316
122981
62625
104899
73082
47473
19130
15146
106869
63239
60924
92392
62599
126331
90119
131669
71094
17091
58470
120952
35011
97954
37017
81421
14336
58684
138738
8186
63258
82514
90919
125424
85846
98040
80740
134909
88054
70222
75222
78587
11987
3219
58749
88923
24345
87267
49537
80889
97028
54284
75961
38324
114450
72226
135563
44066
116398
102815
66438
137526
114981
102676
53140
27362
117802
92294
129075
52382
109758
117266
89937
59470
89897
10470
58768
124179
21763
76775
108686
96610
22501
48457
36331
37338
97829
75234
102703
75881
25502
22744
26886
24090
16348
20845
131453
47893
110048
132079
63554
50015
31338
18298
30901
24009
63340
128661
137177
63634
63500
95285
60661
13503
78474
38937
81485
139292
10281
86263
135491
79392
6142
67215
40037
121522
1216
11274
94166
119315
83662
14869
90071
56410
49755
111888
5711
96697
130747
78185
32444
104860
103
46418
64992
14479
103866
67094
139611
85313
86782
141466
112931
96499
26722
141515
95551
53255
85283
132254
117201
101839
87847
8909
117730
111400
108511
43095
121762
65376
7842
93567
141164
61364
1195
99835
80453
119524
140380
88212
119221
87448
22935
100973
37101
63341
68189
78668
65169
59106
56576
75849
78160
100103
61683
75355
118647
36180
73643
8106
76008
119929
96692
73216
14858
73801
110762
44633
108798
13458
6743
66893
65054
38341
104904
34439
140711
34951
116605
7824
26534
48795
114808
108326
94161
15867
55681
55061
36413
19917
10174
16961
126051
62939
103875
20912
54043
121298
72099
130782
70722
20412
130826
133599
121729
105264
125402
125042
79030
129034
80131
6467
51095
11497
97404
33274
133483
80282
129587
15627
13552
113965
18489
134629
136855
36488
114734
24906
90946
48374
39136
128654
121052
21948
8986
96200
30835
116136
18135
51263
139340
74838
107042
62278
10539
21044
107741
78996
75204
34595
103876
58192
17135
124406
46741
100659
8934
104804
116442
99148
32915
140360
13452
82769
135836
112081
62081
10555
78274
80281
30517
57715
134462
18640
28908
61197
109618
99570
36476
108240
59015
5645
105022
29080
35207
9868
140810
42403
54718
726
15293
126808
35252
121988
73886
108999
32636
124398
22167
15376
21905
61090
107895
37908
10045
32204
112467
92638
126970
12978
111142
85010
14339
111938
84439
115659
123391
114982
13137
96767
44060
8484
121914
92790
4057
58943
117262
69413
59519
72829
66442
42818
103975
111862
57687
59021
70817
21883
36799
62353
51394
64644
91363
90404
72511
25857
101279
103463
92512
100148
3174
99773
21620
92485
91145
47476
84624
1259
49417
19474
68193
103955
139659
8266
50834
62763
128617
109692
42449
15661
11807
78295
53125
6227
126099
104552
76163
19539
44918
126521
141373
108751
130697
102679
134094
93663
30860
5379
105882
56285
92624
13386
49009
52012
134578
71167
71223
25483
5335
91041
89372
78731
132823
92500
107260
104743
54063
131703
71881
74074
132042
22807
106907
17527
106293
117390
87210
74982
14487
111237
38306
38844
28595
24283
97880
61997
102025
13134
11909
65689
16389
47726
93700
112349
83368
117920
99036
3046
118879
76881
86504
85623
12878
75740
125638
9059
126214
86458
13784
1822
77554
97607
75728
92945
96694
100006
136641
94170
94877
137119
70975
81053
94530
21007
26261
2612
42983
4147
95280
37701
75568
122510
82250
120462
5426
4135
57547
45239
114218
141540
139910
72473
9578
48891
127056
34888
114989
97745
83733
67994
4990
66403
140968
109051
127217
26140
62019
53909
88429
53798
67535
76930
13297
29882
93878
67479
110405
85934
38566
6343
92786
71106
77496
6511
103919
18009
133999
93201
43775
136620
89342
70402
5484
68331
55542
16688
118392
42630
4891
9736
17275
53611
27687
138321
26706
129227
76166
41560
87766
31371
8718
77102
135416
120722
90408
49822
74098
80814
45551
123476
50774
95012
23240
23075
4655
91128
91608
89420
20995
134898
137234
32982
36932
124333
17078
92718
112022
133540
113493
29363
92045
97246
94318
76585
127011
94982
35946
90544
61983
48310
17617
83765
88226
26269
100510
84260
56776
108069
79771
1542
101850
23143
45457
85333
17244
99015
36994
40890
4704
88488
50461
31620
56328
89089
52390
26277
79992
29062
96315
82420
86237
103287
121035
13380
51067
26723
45728
139459
101954
30268
99909
128402
13475
90319
2386
138314
72821
78426
113227
32228
29324
10735
74606
16871
67855
133870
15518
38183
67064
59753
6469
16270
118415
95398
71637
121587
86873
65726
232
80817
15595
42933
95914
138058
20690
86634
41244
9673
130490
48565
53861
47708
78994
60883
125244
52939
110361
33264
93697
122516
20837
27956
77666
53953
36883
139691
14451
105551
68958
116791
5108
64213
27075
11481
39785
50227
79840
137454
140170
140064
9915
123738
10036
101162
113716
137752
101810
18287
125684
122671
116112
16416
30314
36783
33874
115548
80162
30027
82515
34893
72890
132201
133170
96404
19950
81651
34944
742
90335
25421
102495
95414
18262
77919
37644
95534
131386
122292
119458
58333
66017
100495
7651
16002
25294
24796
118744
60416
141635
20805
52098
70015
85484
68045
72137
58841
68971
19376
112536
40506
97157
48388
15750
20367
33706
59160
128060
47629
103023
12380
138633
52771
116345
94485
129117
73042
43053
81305
139388
93071
41259
78841
6496
138426
53092
23699
116884
49052
38761
97250
91670
44759
62282
115808
24788
85658
129143
33663
61510
53632
2579
106148
27042
104128
112868
98365
12050
9865
112317
111603
23581
124776
7075
18630
34761
26562
101226
59610
107676
6514
133888
140636
67124
54962
95013
11037
41138
103724
44830
11441
17629
59719
71886
26500
73245
75679
85748
69350
112974
110989
107759
141128
7038
138902
93197
91556
131963
113626
63086
119901
74652
121151
91139
129127
73515
68348
14034
122796
90825
80101
54474
122884
99730
28834
89438
94018
30696
82812
127634
125743
19639
87736
67611
94703
22927
74582
79344
2190
135791
68427
123879
100276
55102
108650
86669
69575
10854
56135
138610
19317
733
55719
94438
102315
129538
21086
11666
130774
61792
79577
36227
136441
130959
13608
91802
107949
3533
46669
9508
13183
85050
108076
105149
93639
80159
121950
110534
20621
11206
33489
28495
100177
68517
75448
120767
85594
62114
98569
83164
8042
17862
111792
134659
10863
31439
135318
28111
27946
12661
56475
61227
91453
117776
123418
16813
41263
126386
5156
22631
27612
132687
80580
95395
4286
137713
121411
44044
73725
77072
80307
85304
29210
91339
21314
132196
27717
124240
84815
114009
18361
50878
139016
18523
62552
51356
13396
127018
127775
105130
115308
139830
7091
86635
79571
17013
134388
65693
116445
104872
45088
40861
14534
135790
8447
2957
34536
113443
91193
119196
1410
87670
31336
49692
97347
36837
100948
135508
53418
46237
51853
13
100485
2477
64596
26014
21686
43528
13371
20039
57923
2182
33764
100578
23541
78768
72064
60623
11494
73535
136070
128451
3420
117401
1856
3670
141160
31967
31232
101658
104046
15915
85303
111202
96854
45724
5813
473
74361
51004
109614
35760
47000
101649
44767
19979
138636
100499
33965
60675
47180
69216
60142
13894
121233
37941
116501
34977
96888
122649
111457
71899
45098
8781
25201
138432
63147
20914
57598
54035
114193
74469
118821
131729
42021
53885
131877
124111
100669
27883
98960
10026
140003
20537
38786
96029
39131
11887
114160
89120
36397
7380
75389
96880
57385
23885
89789
101128
26499
82786
86514
134251
110476
111175
105541
131924
16713
87302
82987
95617
130759
99204
124489
101820
15847
44525
47809
79610
110894
83517
119613
97289
21468
29491
6691
1447
65884
40757
63319
70820
28747
90507
77292
114012
141086
77078
84326
33162
132708
42063
123290
25477
37733
108539
132344
123831
81708
74653
37732
124377
55525
4575
58467
32610
105874
81348
11406
39629
110010
31605
97536
67670
131193
132565
88218
3665
115260
22013
24261
46206
81712
134664
114477
51762
130732
13035
105875
47974
116322
107745
128379
103714
26127
96430
402
14757
25124
100121
76168
53859
130881
5985
118362
27232
138135
